
Player A, Health= 10, Energy=    97, Score=  1598, IronCurtainAvailable= Yes
Player B, Health=100, Energy=   121, Score=  3394, IronCurtainAvailable= Yes
[0 0][1 0][2 0][3 0][< 0][5 0][6 0][< 0][7D0][<A0][<A0][4A0][3A0][2A0][1A0][0E0]
[0 1][1 1][2 1][3 1][4 1][5D1][6 1][7 1][7 1][6 1][< 1][4 1][3 1][2a1][1A1][0E1]
[0 2][1 2][< 2][3 2][4 2][5 2][6 2][7 2][7 2][6 2][< 2][< 2][3 2][2A2][1A2][0E2]
[0 3][1 3][2 3][< 3][4 3][5 3][< 3][7 3][7D3][6 3][5 3][< 3][3 3][2A3][1A3][0E3]
[0E4][1 4][< 4][3 4][4 4][5d4][6 4][7 4][7D4][< 4][< 4][4 4][3 4][2A4][1A4][0E4]
[0 5][1 5][2 5][3 5][< 5][<d5][6 5][7 5][7 5][6 5][5 5][4 5][< 5][2A5][1A5][0E5]
[0 6][1 6][2 6][3 6][4 6][5D6][6d6][< 6][<D6][6A6][<A6][4A6][3A6][2A6][1A6][0E6]
[< 7][1 7][2 7][3 7][4 7][5D7][6 7][< 7][<D7][6A7][<A7][4A7][3A7][2A7][1A7][0E7]
