
Player A, Health=100, Energy=   117, Score=  4016, IronCurtainAvailable= Yes
Player B, Health=  0, Energy=    33, Score=  1888, IronCurtainAvailable= Yes
[0E0][1E0][2 0][3 0][4 0][5 0][6 0][7 0][7 0][6 0][5 0][4 0][3 0][2 0][1 0][0E0]
[0E1][1 1][2 1][3 1][4 1][5 1][6 1][7 1][7 1][6 1][5 1][4 1][3 1][2 1][1 1][0E1]
[0E2][1a2][2A2][3A2][4A2][5D2][6 >][7 2][7 2][6 2][5 2][4 2][3 2][2 2][1 2][0 2]
[0E3][1 3][2 3][3 3][4 3][5 3][6 3][7 3][7 3][6 3][5 3][4 3][3 3][2 3][1 3][0E3]
[0E4][1A4][2A4][3A4][4A4][5 >][6 4][7T>][7D4][6 4][5 4][4 4][3 4][2 4][1 4][0 >]
[0E5][1A5][2A5][3A5][4A5][5 >][6 >][7 5][7D5][6 5][5 5][4 5][3 5][2 >][1 >][0 5]
[0E6][1 6][2 6][3A6][4A6][5 6][6 >][7 6][7d6][6 6][5 6][4 6][3 6][2 6][1 6][0 6]
[0E7][1E7][2A7][3A7][4A>][5 7][6d>][< 7][<D7][6A7][< 7][4A7][3A7][2A7][1A7][0E7]
