
Player A, Health=  0, Energy=   262, Score=  1614, IronCurtainAvailable= Yes
Player B, Health= 80, Energy=   101, Score=  3091, IronCurtainAvailable= Yes
[0E0][1 0][< 0][3 0][4 0][5 0][6 0][< 0][7 0][6 0][< 0][4 0][3 0][2A0][1A0][0E0]
[0e1][1 1][2 1][3 1][4 1][< 1][< 1][7 1][7 1][6 1][5 1][4 1][3 1][2A1][1A1][0E1]
[0 2][1 2][2 2][3 2][< 2][5 2][6 2][7 2][7 2][6 2][5 2][4 2][< 2][2a2][1A2][0E2]
[0 3][1 3][2 3][3 3][4 3][5 3][< 3][7 3][7 3][< 3][5 3][4 3][3 3][2A3][1A3][0E3]
[0 4][1 4][< 4][3 4][4 4][5 4][6 4][7 4][7d4][6 4][< 4][4 4][3 4][2 4][1A4][0E4]
[< 5][1 5][2 5][3 5][4 5][5 5][6 5][7 5][< 5][6 5][5 5][4 5][3 5][2 5][1A5][0E5]
[< 6][1 6][< 6][< 6][4 6][< 6][< 6][< 6][<D6][6A6][5A6][<A6][3A6][2A6][1A6][0E6]
[0E7][1 7][2 7][< 7][4 7][5 7][< 7][7 7][7 7][6 7][5 7][< 7][3 7][2A7][1A7][0E7]
