
Player A, Health= 55, Energy=   469, Score=  1834, IronCurtainAvailable= Yes
Player B, Health=100, Energy=   124, Score=  2450, IronCurtainAvailable= Yes
[0E0][1E0][2 0][3 0][4 0][5 0][6 0][7 0][7 0][6 0][5 0][4 0][3 0][2 0][1 0][0E0]
[0e1][1 1][2 1][3 1][4 1][5d1][< 1][7 1][7D1][6 1][5 1][4 1][3 1][2 1][1A1][0E1]
[0 2][1 2][2 2][3 2][4 2][5 2][6 2][7 2][<D2][6 2][5 2][4 2][3 2][2 2][1A2][0E2]
[0E3][1 3][2 3][3 3][4A3][5 3][6 3][7 3][7D3][6 3][5 3][4 3][3 3][2 3][1 3][0E3]
[0E4][1E4][2A4][3 4][4 4][5D4][6 4][7 4][7D4][6 4][< 4][4 4][3 4][2 4][1A4][0E4]
[0 5][1 5][< 5][3 5][< 5][< 5][6 5][< 5][<D5][6A5][5A5][<A5][<A5][2A5][1A5][0E5]
[0 6][1 6][2 6][3 6][4 6][< 6][6 6][7 6][7 6][6A6][5 6][4 6][3 6][2 6][1 6][0E6]
[0 7][1 7][< 7][3 7][4 7][5 7][6 7][7 7][7 7][6 7][< 7][4 7][3 7][2 7][1A7][0E7]
