
Player A, Health=  5, Energy=   514, Score=  2083, IronCurtainAvailable= Yes
Player B, Health=100, Energy=   116, Score=  3531, IronCurtainAvailable= Yes
[0 E0][1 E0][2  0][3  0][4  0][5  0][6  0][7  0][7  0][6  0][5  0][4  0][3  0][2  0][1 a0][0 E0]
[0 E1][1  1][2  1][3  1][4  1][5 D1][<  1][7  1][7 D1][6  1][5  1][4  1][3  1][2  1][1 A1][0 E1]
[0  2][1  2][2  2][3  2][4  2][5  2][6  2][7  2][< D2][6  2][5  2][4  2][3  2][2  2][1 A2][0 E2]
[0 E3][1  3][2  3][3  3][4 A3][5  3][6  3][7  3][7  3][6  3][5  3][4  3][3  3][2  3][1  3][0 E3]
[0 E4][1 E4][2  4][3  4][4  4][5  4][6  4][7  4][7 D4][6  4][<  4][4  4][3  4][2  4][1 A4][0 E4]
[<  5][1  5][<  5][<  5][<  5][<  5][6  5][<  5][< D5][6 A5][5 A5][< A5][< A5][2 A5][1 A5][0 E5]
[0  6][1  6][2  6][3  6][4  6][<  6][6  6][7  6][7  6][6 A6][5  6][4  6][3  6][2  6][1  6][0 E6]
[< e7][1  7][<  7][<  7][4  7][<  7][6  7][7  7][<<D7][6 A7][< A7][< A7][3 A7][2 A7][1 A7][0 E7]
