
Player A, Health= 50, Energy=   310, Score=  1547, IronCurtainAvailable= Yes
Player B, Health= 80, Energy=   106, Score=  2150, IronCurtainAvailable= Yes
[0E0][1 0][2 0][3 0][< 0][5 0][6 0][7 0][7 0][6 0][5 0][4 0][< 0][2 0][1A0][0E0]
[< 1][1 1][2 1][3 1][4 1][5 1][6 1][< 1][< 1][6 1][5 1][4 1][3 1][2A1][1A1][0E1]
[0 2][1 2][2 2][3 2][4 2][5 2][< 2][7 2][7 2][6 2][5 2][4 2][3 2][2 2][1A2][0E2]
[< 3][1 3][2 3][3 3][4 3][5 3][6 3][7 3][< 3][6 3][5 3][4 3][3 3][2 3][1A3][0E3]
[0 4][1 4][2 4][3 4][< 4][5 4][6 4][7 4][7 4][6 4][5 4][4 4][< 4][2 4][1A4][0E4]
[0 5][1 5][< 5][3 5][4 5][5 5][6 5][7 5][7 5][6 5][< 5][4 5][3 5][2 5][1A5][0E5]
[0 6][< 6][2 6][3 6][< 6][5 6][6 6][< 6][7D6][6A6][<A6][4A6][3A6][2a6][1 6][0E6]
[<e7][1 7][2 7][3 7][4 7][< 7][6 7][7 7][< 7][6 7][5 7][4 7][3 7][2A7][1A7][0E7]
