
Player A, Health= 95, Energy=   450, Score=   906, IronCurtainAvailable= Yes
Player B, Health=100, Energy=   113, Score=  1004, IronCurtainAvailable= Yes
[0E0][1E0][< 0][3 0][4 0][5 0][6 0][7 0][7D0][6 0][< 0][4 0][3 0][2 0][1A0][0E0]
[0E1][1 1][2 1][3 1][< 1][5 1][6 1][7 1][7 1][6 1][5 1][4 1][< 1][2 1][1A1][0E1]
[0E2][1 2][2 2][3 2][4 2][5 2][6 2][7 2][7 2][6 2][5 2][4 2][3 2][2 2][1a2][0E2]
[0E3][1 3][2 3][3 3][4 3][5 3][6 3][7 3][7d3][6 3][5 3][4 3][< 3][2 3][1A3][0E3]
[0E4][1 4][2 4][3 4][4 4][5 4][6D4][< 4][7D4][<A4][<A4][4A4][3A4][2A4][1A4][0E4]
[0 5][1 5][2 5][3 5][4 5][5d5][< 5][7 5][7 5][6 5][5 5][4 5][3 5][2 5][1A5][0E5]
[0E6][1 6][2 6][3 6][4 6][5 6][6 6][7 6][< 6][6 6][5 6][4 6][3 6][2 6][1A6][0E6]
[0E7][1E7][2 7][3 7][4 7][5 7][< 7][7 7][7 7][6 7][5 7][4 7][3 7][2 7][1A7][0E7]
