
Player A, Health=100, Energy=   178, Score=  4319, IronCurtainAvailable= Yes
Player B, Health=  5, Energy=    37, Score=  2209, IronCurtainAvailable= Yes
[0E0][1E0][2 0][3A0][4A0][5 0][6 0][7 0][7 0][6 0][5 0][4 >][3 0][2 0][1 0][0E0]
[0E1][1 1][2 1][3 1][4 1][5 1][6 1][7 1][7 1][6 1][5 1][4 1][3 1][2 1][1 1][0E1]
[0E2][1 2][2 2][3 2][4 2][5 2][6 2][7 2][7 2][6 2][5 2][4 2][3 2][2 2][1 2][0E2]
[0E3][1 3][2 3][3 3][4 3][5 3][6 3][7 3][7 3][6 3][5 3][4 3][3 3][2 3][1 3][0E3]
[0E4][1 4][2A4][3A4][4A4][5D>][6 >][7T4][7D4][6 4][5 >][4 4][3 4][2 >][1 >][0E4]
[0E5][1 5][2 5][3A5][4A5][5 >][6 5][7 5][7d5][6 5][5 >][4 5][3 5][2 >][1 5][0 5]
[0E6][1 6][2a6][3A6][4A6][5 6][6 6][7 6][7 >][6 6][5 6][4 6][3 6][2 6][1 6][0 6]
[0E7][1E7][2A7][3A7][4A7][5D>][6 >][7 7][< 7][6A7][5A7][4 7][3 7][2 7][1 7][0 7]
