
Player A, Health= 65, Energy=   168, Score=  1600, IronCurtainAvailable= Yes
Player B, Health=100, Energy=   123, Score=  2453, IronCurtainAvailable= Yes
[0E0][1E0][2A0][3A0][4 >][5 >][6 0][7 0][7d0][6 0][5 0][< 0][3 >][2A0][1A0][0E0]
[0 1][1 1][2 1][3 1][4 1][5D1][6 1][7 1][7 1][6 1][< 1][4 1][3 1][2 1][1A1][0E1]
[0 2][1 2][2 2][3 2][4 2][5d2][< 2][< 2][7D2][6 2][5 2][4 2][3 2][2A2][1A2][0E2]
[0 3][1 3][2 3][3 3][4 3][5d3][6 3][7 3][7d3][6 3][< 3][4 3][3 3][2a3][1A3][0E3]
[0 4][1 4][2 4][3 4][4 4][5D4][6 4][7 4][7D4][6 4][5 4][4 4][< 4][2 4][1A4][0E4]
[< 5][1 5][2 5][3 5][4 5][5D5][6 5][< 5][<D5][6 5][5 5][4 5][3 5][2A5][1A5][0E5]
[0 6][1 6][2 6][3 6][4 6][5D6][< 6][7 6][7D6][6 6][5 6][4 6][3 6][2 6][1A6][0E6]
[0 7][1 7][< 7][3 7][4 7][5d7][6D7][< 7][7D7][<A7][<A7][4A7][3A7][2A7][1A7][0E7]
