
Player A, Health= 55, Energy=    89, Score=  1752, IronCurtainAvailable= Yes
Player B, Health=100, Energy=   117, Score=  2949, IronCurtainAvailable= Yes
[0E0][1E0][2A0][3 0][4 0][5D0][6 0][7 0][7 0][6d0][< 0][4 0][3 0][2 0][1A0][0E0]
[0E1][1 1][2 1][3 1][4 1][<d1][< 1][7 1][7D1][6d1][5 1][4 1][3 1][2A1][1A1][0E1]
[0 2][1 2][2 2][3 2][4 2][5 2][6 2][7 2][7D2][6 2][< 2][< 2][3 2][2A2][1A2][0E2]
[0 3][1 3][2 3][3 3][4 3][5D3][< 3][7 3][7D3][< 3][5 3][4 3][3 3][2A3][1A3][0E3]
[0 4][1 4][2 4][3 4][4 4][5D4][6 4][7 4][<D4][6 4][5 4][< 4][3 4][2A4][1A4][0E4]
[0 5][1 5][2 5][3 5][4 5][5 5][6 5][7 5][7D5][6 5][5 5][< 5][< 5][2A5][1A5][0E5]
[0 6][1 6][2 6][3 6][4 6][5 6][6 6][7 6][7D6][6 6][< 6][< 6][3 6][2A6][1A6][0E6]
[0E7][1 7][2 7][< 7][4 7][5d7][6D7][7 7][<D7][6A7][5A7][<A7][3A7][2A7][1A7][0E7]
