
Player A, Health= 35, Energy=   346, Score=  2056, IronCurtainAvailable= Yes
Player B, Health=100, Energy=   104, Score=  3097, IronCurtainAvailable= Yes
[0E0][< 0][< 0][3 0][4 0][5 0][6 0][7 0][7D0][<d0][< 0][4 0][3 0][2A0][1A0][0E0]
[0e1][1 1][2 1][3 1][4 1][5 1][< 1][7 1][7D1][6D1][5 1][4 1][3 1][2 1][1A1][0E1]
[0E2][1 2][2A2][3 2][4 >][5D2][< 2][7 2][7D2][< 2][5 2][4 2][3 2][2A2][1A2][0E2]
[0 3][1 3][2 3][3 3][4 3][5 3][< 3][< 3][7D3][6 3][5 3][4 3][3 3][2A3][1A3][0E3]
[0 4][1 4][2 4][3 4][4 4][5 4][6 4][7 4][<D4][6D4][5 4][4 4][3 4][2a4][1A4][0E4]
[0E5][1 5][2 5][3 5][4A5][5 5][6D>][7 5][<D5][6D5][5 5][4 5][3 5][2 5][1A5][0E5]
[0 6][1 6][2 6][3 6][4 6][5 6][< 6][7 6][7D6][6 6][5 6][4 6][3 6][2 6][1A6][0E6]
[0 7][< 7][< 7][< 7][4 7][< 7][< 7][7 7][<D7][<E7][5A7][<A7][3A7][2A7][1A7][0A7]
