
Player A, Health=100, Energy=   193, Score=  1911, IronCurtainAvailable= Yes
Player B, Health= 75, Energy=    41, Score=  1276, IronCurtainAvailable= Yes
[0E0][1E0][2 0][3 0][4 0][5 0][6 0][7 0][7 0][6 0][5 0][4 0][3 0][2 0][1 0][0E0]
[0E1][1 1][2 1][3 1][4 1][5 1][6 1][7 1][7 1][6 1][5 1][4 1][3 1][2 1][1 1][0E1]
[0E2][1 2][2 2][3A2][4 2][5D>][6 2][7 2][7D2][6 2][5 2][4 2][3 2][2 2][1 2][0E2]
[0E3][1 3][2 3][3 3][4 3][5 3][6 3][7 3][7 3][6 3][5 3][4 3][3 3][2 3][1 3][0E3]
[0E4][1A4][2A4][3A4][4A>][5 4][6 4][7 4][7d4][6 >][5 4][4 4][3 4][2 4][1 4][0 4]
[0E5][1 5][2 5][3A5][4A5][5 5][6 5][7 >][7D5][6 5][5 5][4 5][3 5][2 5][1 5][0E5]
[0E6][1 6][2 6][3A6][4A6][5 6][6 6][7 >][7d6][6 6][5 >][4 6][3 6][2 6][1 6][0 6]
[0E7][1E7][2A7][3A7][< >][5d7][<d7][7 7][<D7][<A7][5A7][4A7][<A7][2A7][1A7][0E7]
