
Player A, Health=100, Energy=   332, Score=  1279, IronCurtainAvailable= Yes
Player B, Health=100, Energy=   107, Score=  1224, IronCurtainAvailable= Yes
[0 E 0][1 E 0][2 A 0][3 A 0][4 A 0][5   0][6 D>>][<   0][7 D 0][<   0][<   0][4 A 0][3 A 0][2 A 0][1 A 0][0 E 0]
[0 E 1][1   1][2   1][3   1][4   1][5   1][6   1][7   1][7   1][6   1][5   1][4   1][3   1][2   1][1   1][0 E 1]
[< e 2][1   2][<   2][3   2][4   2][5 D 2][6 d 2][7   2][<<D 2][6 A 2][< A 2][< A 2][3 A 2][2 A 2][1 A 2][0 E 2]
[0 E 3][1   3][2   3][3   3][4   3][5 D 3][<   3][7   3][7 d 3][6   3][5   3][4   3][3   3][2   3][1 A 3][0 E 3]
[0 E 4][1   4][2   4][3   4][4   4][5   4][6   4][7   4][7   4][6   4][5   4][4   4][3   4][2   4][1   4][0 E 4]
[0 E 5][1   5][2   5][3   5][4   5][5 D 5][6   5][7   5][7   5][6   5][<   5][4   5][3   5][2   5][1 A 5][0 E 5]
[0 E 6][1   6][2   6][3   6][4   6][5   6][6   6][7   6][7   6][6   6][5   6][4   6][3   6][2   6][1   6][0 E 6]
[0 E 7][1 E 7][2   7][3   7][4   7][5   7][6   7][7   7][7   7][6   7][5   7][4   7][3   7][2   7][1   7][0 E 7]
