
Player A, Health= 10, Energy=   302, Score=  2384, IronCurtainAvailable= Yes
Player B, Health= 70, Energy=   100, Score=  3435, IronCurtainAvailable= Yes
[0 E0][1 E0][2 A0][3 A0][4 A0][5 D0][6 D>][<  0][7 d>][6  0][5  0][<  0][3  0][2  0][1  0][0 A0]
[0  1][1  1][2  1][3  1][4  1][5 d1][6 D1][<  1][7 D1][< A1][< A1][4 A1][3 A1][2 A1][1 A1][0 E1]
[0  2][1  2][2  2][3  2][4  2][5 D2][6  2][7  2][7 D2][6  2][<  2][4  2][3  2][2  2][1 A2][0 E2]
[0 E3][1  3][2  3][3  3][4  3][5  3][6  3][7  3][< D3][6  3][5  3][4  3][3  3][2  3][1 A3][0 E3]
[0 E4][1  4][2  4][3  4][4  4][5  4][6  4][7  4][7 D4][6  4][5  4][4  4][<  4][2  4][1 A4][0 E4]
[0  5][1  5][2  5][<  5][4  5][5 D5][< d5][7  5][< D5][< A5][5 A5][4 A5][< A5][2 A5][1 A5][0 E5]
[0 E6][1  6][2  6][3  6][4  6][5  6][6  6][7  6][7 D6][6  6][5  6][4  6][3  6][2  6][1  6][0 E6]
[0  7][1  7][2  7][3  7][4  7][5  7][6 d7][<  7][<<D7][6 A7][5 A7][< A7][3 A7][2 A7][1 A7][0 E7]
