
Player A, Health= 60, Energy=    33, Score=  2411, IronCurtainAvailable= Yes
Player B, Health=100, Energy=   102, Score=  3410, IronCurtainAvailable= Yes
[0E0][1 0][2 0][3 0][4 0][5 0][6 0][7D0][7D0][6 0][5 0][< 0][3 0][2A0][1A0][0E0]
[0 1][1 1][2 1][3 1][4 1][5 1][6 1][7D1][7D1][6 1][5 1][< 1][3 1][2A1][1A1][0E1]
[0E2][1 2][2 2][3 2][4 2][5 2][6 2][7 2][7D2][6 2][< 2][4 2][3 2][2A2][1A2][0E2]
[0 3][1 3][2 3][3 3][4 3][5 3][6 3][7D3][<D3][6d3][5 3][4 3][3 3][2a3][1A3][0E3]
[0E4][1 4][2 4][3 4][4 4][5 4][6 4][< 4][7D4][6 4][5 4][4 4][< 4][2A4][1A4][0E4]
[0 5][< 5][< 5][3 5][4 5][5 5][6 5][7D5][7D5][< 5][< 5][4 5][3 5][2A5][1A5][0E5]
[< 6][1 6][2 6][< 6][4 6][5 6][6 6][7d6][<D6][6A6][5 6][4 6][3 6][2 6][1A6][0E6]
[0 7][< 7][2 7][< 7][< 7][5 7][< 7][<d7][<D7][<A7][5A7][<A7][3A7][2A7][1A7][0E7]
