
Player A, Health= 15, Energy=   505, Score=  2018, IronCurtainAvailable= Yes
Player B, Health=100, Energy=   118, Score=  3290, IronCurtainAvailable= Yes
[0E0][1E0][2 0][3 0][4 0][5 0][6 0][7 0][7 0][6 0][5 0][4 0][3 0][2 0][1 0][0E0]
[0E1][1 1][2 1][3 1][4 1][5D1][6 1][7 1][7D1][6 1][< 1][4 1][3 1][2 1][1A1][0E1]
[0E2][1 2][2 2][3 2][< 2][5 2][6 2][7 2][7D2][6 2][5 2][4 2][< 2][2 2][1A2][0E2]
[0E3][1 3][2 3][3 3][4A3][5 3][6 3][7 3][7D3][6 3][5 3][4 3][3 3][2 3][1 3][0E3]
[0E4][1E4][2A4][3 4][4 >][5 4][< 4][7 4][7d4][6 4][5 4][4 4][3 4][2 4][1A4][0E4]
[< 5][< 5][2 5][< 5][< 5][5 5][< 5][< 5][<D5][<A5][5A5][4A5][3A5][2A5][1A5][0E5]
[0E6][< 6][2 6][3 6][4 6][5 6][6 6][7 6][7 6][6A6][5 6][4 6][3 6][2 6][1 6][0E6]
[0e7][< 7][2 7][3 7][< 7][5 7][< 7][< 7][7D7][6A7][5A7][4A7][3a7][2 7][1A7][0E7]
