
Player A, Health= 80, Energy=   349, Score=  1883, IronCurtainAvailable= Yes
Player B, Health=100, Energy=   111, Score=  2113, IronCurtainAvailable= Yes
[0 0][1e0][2 0][3 0][4 0][5 0][6 0][7 0][<D0][6 0][5 0][4 0][3 0][2 0][1A0][0E0]
[0E1][1 1][2 1][3 1][< 1][5 1][6 1][7 1][7D1][6 1][5 1][4 1][< 1][2 1][1A1][0E1]
[0E2][1 2][2A2][3 2][4 2][5D2][6 >][7 2][7D2][6 2][5 2][4 2][< 2][2 2][1A2][0E2]
[0E3][1 3][2 3][3 3][< 3][5 3][6 3][7 3][7D3][6 3][5 3][4 3][< 3][2 3][1A3][0E3]
[0E4][1 4][2 4][3 4][4 4][5 4][6 4][7 4][7D4][6 4][5 4][4 4][3 4][2 4][1a4][0E4]
[0E5][1 5][2 5][3 5][4A5][5 5][6D5][7 5][7D5][6d5][5 5][4 5][3 5][2 5][1A5][0E5]
[0E6][1 6][2 6][3 6][< 6][5 6][6 6][7 6][7D6][6 6][5 6][4 6][< 6][2 6][1A6][0E6]
[< 7][< 7][2 7][< 7][< 7][5 7][< 7][< 7][<D7][<E7][5A7][4A7][<A7][2A7][1A7][0A7]
