
Player A, Health=100, Energy=   283, Score=  1152, IronCurtainAvailable= Yes
Player B, Health=100, Energy=   110, Score=  1079, IronCurtainAvailable= Yes
[0E 0][1E 0][2A 0][3A 0][4A 0][5D >][6d 0][<  0][<d>>][6A 0][<A 0][4A 0][3A 0][2A 0][1A 0][0E 0]
[0E 1][1  1][2  1][3  1][4  1][5  1][6  1][7  1][7  1][6  1][5  1][4  1][3  1][2  1][1  1][0E 1]
[0E 2][1  2][2  2][<  2][4  2][5d 2][<  2][7  2][<D 2][6A 2][5A 2][4a 2][3  2][2  2][1A 2][0E 2]
[0E 3][1  3][2  3][3  3][4  3][5D 3][6  3][7  3][7  3][6  3][5  3][4  3][<  3][2  3][1A 3][0E 3]
[0E 4][1  4][2  4][3  4][4  4][5  4][6  4][7  4][7  4][6  4][5  4][4  4][3  4][2  4][1  4][0E 4]
[0E 5][1  5][2  5][3  5][4  5][5D 5][6  5][7  5][<  5][6  5][5  5][4  5][3  5][2  5][1A 5][0E 5]
[0E 6][1  6][2  6][3  6][4  6][5  6][6  6][7  6][7  6][6  6][5  6][4  6][3  6][2  6][1  6][0E 6]
[0E 7][1E 7][2  7][3  7][4  7][5  7][6  7][7  7][7  7][6  7][5  7][4  7][3  7][2  7][1  7][0E 7]
