
Player A, Health=100, Energy=   148, Score=  1783, IronCurtainAvailable= Yes
Player B, Health=100, Energy=   148, Score=  1783, IronCurtainAvailable= Yes
[0E0][1E0][2A0][3 0][4 0][5d0][6 >][7 0][7 0][< 0][5d0][4 0][3 0][2A0][1E0][0E0]
[0E1][1 1][2 1][3 1][4 1][5 1][6 1][7 1][7 1][6 1][5 1][4 1][3 1][2 1][1 1][0E1]
[0E2][1 2][2 2][3 2][4 2][5 2][6 2][7 2][7 2][6 2][5 2][4 2][3 2][2 2][1 2][0E2]
[0E3][1 3][2 3][3 3][4 3][5 3][6 3][7 3][7 3][6 3][5 3][4 3][3 3][2 3][1 3][0E3]
[0E4][1 4][2 4][3 4][4 4][5 4][6 4][7 4][7 4][6 4][5 4][4 4][3 4][2 4][1 4][0E4]
[0E5][1 5][2 5][3 5][4 5][5 5][6 5][7 5][7 5][6 5][5 5][4 5][3 5][2 5][1 5][0E5]
[0E6][1A6][2A6][3A6][4A6][5D6][6 6][7t6][7t6][6 6][5D6][4A6][3A6][2A6][1A6][0E6]
[0E7][1E7][2A7][3 7][4a7][5D7][6 7][< 7][7 >][6 7][5D7][4a7][3 7][2A7][1E7][0E7]
