
Player A, Health=100, Energy=   278, Score=  1113, IronCurtainAvailable= Yes
Player B, Health=100, Energy=   111, Score=  1031, IronCurtainAvailable= Yes
[0 E0][1 E0][2 A0][3 A0][4  0][5 d0][6 d>][<< 0][7 d0][< A0][< A0][4 A0][3 A0][2 A0][1 A0][0 E0]
[0 E1][1  1][2  1][3  1][4  1][< d1][6  1][7  1][< D1][6 A1][5 A1][4  1][3  1][2  1][1  1][0 E1]
[0 E2][1  2][2  2][3  2][4  2][5  2][6  2][7  2][7  2][6  2][5  2][4  2][3  2][2  2][1  2][0 E2]
[0 E3][1  3][2  3][3  3][4  3][5  3][6  3][7  3][7  3][6  3][5  3][4  3][3  3][2  3][1  3][0 E3]
[0 E4][1  4][2  4][3  4][4  4][5 D4][6  4][7  4][7  4][6  4][<  4][4  4][3  4][2  4][1 A4][0 E4]
[0 E5][1  5][2  5][3  5][4  5][5  5][6  5][7  5][7  5][6  5][5  5][4  5][3  5][2  5][1  5][0 E5]
[0 E6][1  6][2  6][3  6][4  6][5  6][6  6][7  6][7  6][6  6][<  6][4  6][3  6][2  6][1 A6][0 E6]
[0 E7][1 E7][2  7][3  7][4  7][5 D7][<  7][7  7][7  7][6  7][5  7][4  7][3  7][2  7][1 A7][0 E7]
