
Player A, Health= 55, Energy=   102, Score=  1715, IronCurtainAvailable= Yes
Player B, Health=100, Energy=   118, Score=  2890, IronCurtainAvailable= Yes
[0 E0][1 E0][2 A0][3  0][4  0][5 D0][6  >][7  >][7 D0][6 d0][5  0][4  0][<  0][2  0][1 A0][0 E0]
[0 e1][1  1][2  1][3  1][4  1][5 d1][6  1][<  1][< d1][6  1][5  1][4  1][3  1][2 A1][1 A1][0 E1]
[0  2][1  2][2  2][3  2][4  2][5  2][6  2][7  2][7 D2][6  2][5  2][4  2][<  2][2 A2][1 A2][0 E2]
[0  3][1  3][2  3][3  3][4  3][5 D3][6  3][7  3][< D3][6  3][5  3][<  3][3  3][2 A3][1 A3][0 E3]
[0  4][1  4][2  4][3  4][4  4][5 D4][6  4][7  4][7 D4][6  4][<  4][4  4][3  4][2 A4][1 A4][0 E4]
[0  5][1  5][2  5][3  5][4  5][5 D5][<  5][7  5][7 D5][6  5][5  5][4  5][3  5][2 A5][1 A5][0 E5]
[0  6][1  6][2  6][3  6][4  6][5  6][6  6][7  6][7 D6][6  6][5  6][4  6][<  6][2 a6][1 A6][0 E6]
[0 E7][1  7][2  7][3  7][4  7][<  7][6 d7][<< 7][< D7][6 A7][< A7][4 A7][3 A7][2 A7][1 A7][0 E7]
