
Player A, Health=100, Energy=   112, Score=  3732, IronCurtainAvailable= Yes
Player B, Health= 15, Energy=    46, Score=  1851, IronCurtainAvailable= Yes
[0 E 0][1 E 0][2   0][3   0][4   0][5   0][6   0][7   0][7   0][6   0][5   0][4   0][3   0][2   0][1   0][0 E 0]
[0 E 1][1   1][2   1][3   1][4   1][5   1][6   1][7   1][7   1][6   1][5   1][4   1][3   1][2   1][1   1][0 E 1]
[0 E 2][1   2][2 A 2][3 A 2][4 A >][5 D 2][6   2][7   >][7 D 2][6   2][5   2][4   2][3   2][2   2][1   2][0   2]
[0 E 3][1   3][2   3][3   3][4   3][5   3][6   3][7   3][7   3][6   3][5   3][4   3][3   3][2   3][1   3][0 E 3]
[0 E 4][1 A 4][2 A 4][3 A >][4 A 4][5   >][6  >>][7 T 4][7 D 4][6   4][5   4][4   4][3   4][2   >][1  >>][0   4]
[0 E 5][1 A 5][2 A 5][3 A >][4 A 5][5   5][6   >][7   5][7 D 5][6   5][5   5][4   >][3   >][2   5][1   >][0   5]
[0 E 6][1   6][2   6][3 A 6][4 A 6][5   6][6   6][7   6][7   6][6   6][5   6][4   6][3   6][2   6][1   6][0   6]
[0 E 7][1 E 7][2 a 7][3 A 7][4 A 7][5 D 7][6 d 7][<<  7][7 D 7][< A 7][<   7][4 A 7][3 A 7][2 A 7][1 A 7][0 E 7]
