
Player A, Health= 80, Energy=   446, Score=  1659, IronCurtainAvailable= Yes
Player B, Health=100, Energy=    99, Score=  1874, IronCurtainAvailable= Yes
[0 E0][1 E0][2  0][3  0][4  0][5  0][6  0][7  0][7  0][6  0][5  0][4  0][3  0][2  0][1  0][0 E0]
[0 E1][1  1][2  1][3  1][4  1][5  1][6  1][7  1][< D1][6  1][5  1][4  1][3  1][2  1][1 A1][0 E1]
[0  2][1  2][<  2][3  2][4  2][5  2][6  2][7  2][7 D2][6  2][<  2][4  2][3  2][2  2][1 A2][0 E2]
[0 E3][1  3][2  3][3  3][4 A3][5  3][6  >][7  3][7 d3][6  3][5  3][4  3][3  3][2  3][1  3][0 E3]
[0 E4][1 E4][2 A4][3  4][4  4][5 D4][6  >][7  4][7 D4][6  4][5  4][4  4][<  4][2  4][1 A4][0 E4]
[0 E5][1  5][2  5][3  5][4  5][5  5][<  5][7  5][7 D5][6 a5][5  5][4  5][3  5][2  5][1 A5][0 E5]
[0 E6][1  6][2  6][3  6][4  6][5  6][6  6][<  6][7  6][6 A6][5  6][4  6][3  6][2  6][1  6][0 E6]
[0 e7][1  7][<  7][<< 7][<  7][5  7][<  7][7  7][7  7][<  7][5  7][4  7][<  7][2  7][1 A7][0 E7]
