
Player A, Health= 65, Energy=   355, Score=  1940, IronCurtainAvailable= Yes
Player B, Health=100, Energy=   109, Score=  2425, IronCurtainAvailable= Yes
[0E0][1E0][2 0][3 0][< 0][5 0][6 0][7 0][7D0][6 0][5 0][< 0][< 0][2A0][1A0][0E0]
[0 1][1 1][2 1][3 1][4 1][5 1][6 1][7 1][<D1][6d1][5 1][4 1][3 1][2 1][1A1][0E1]
[0E2][1 2][2A2][3 2][4 2][5D2][6 2][7 2][<D2][6 2][5 2][4 2][3 2][2 2][1A2][0E2]
[0 3][1 3][2 3][3 3][4 3][5 3][6 3][7 3][<D3][6 3][5 3][4 3][3 3][2 3][1A3][0E3]
[0E4][1 4][2 4][3 4][4 4][5 4][6 4][7 4][7D4][6 4][< 4][4 4][3 4][2 4][1A4][0E4]
[0E5][1 5][2 5][3 5][4A5][5 5][6D5][7 5][7D5][6D5][< 5][4 5][3 5][2 5][1A5][0E5]
[0 6][1 6][2 6][3 6][4 6][5 6][6 6][7 6][<D6][6 6][5 6][4 6][3 6][2 6][1A6][0E6]
[<e7][1 7][< 7][< 7][< 7][< 7][6 7][< 7][<D7][6E7][<A7][<A7][3A7][2A7][1A7][0A7]
