
Player A, Health= 55, Energy=    76, Score=  1779, IronCurtainAvailable= Yes
Player B, Health=100, Energy=   116, Score=  2997, IronCurtainAvailable= Yes
[0E0][1E0][2A0][3 0][4 0][5D0][6 0][7 0][< 0][6D0][5 0][4 0][3 0][2a0][1A0][0E0]
[0E1][1 1][2 1][< 1][4 1][5D1][6 1][7 1][7D1][6d1][5 1][< 1][< 1][2A1][1A1][0E1]
[0 2][1 2][2 2][3 2][4 2][5 2][6 2][7 2][<D2][< 2][5 2][4 2][3 2][2A2][1A2][0E2]
[0 3][1 3][2 3][3 3][4 3][5D3][6 3][< 3][7D3][6 3][5 3][4 3][< 3][2A3][1A3][0E3]
[0 4][1 4][2 4][3 4][4 4][5D4][< 4][7 4][7D4][< 4][5 4][4 4][3 4][2A4][1A4][0E4]
[0 5][1 5][2 5][3 5][4 5][5 5][6 5][7 5][7D5][< 5][< 5][4 5][3 5][2A5][1A5][0E5]
[0 6][1 6][2 6][3 6][4 6][5d6][6 6][7 6][<D6][< 6][5 6][4 6][3 6][2A6][1A6][0E6]
[0E7][< 7][2 7][3 7][4 7][5d7][6 7][7 7][<D7][<A7][5A7][4A7][<A7][2A7][1A7][0E7]
