
Player A, Health=100, Energy=   183, Score=  3018, IronCurtainAvailable= Yes
Player B, Health= 45, Energy=    71, Score=  1704, IronCurtainAvailable= Yes
[0 E0][1 E0][2  0][3  0][4  0][5  0][6  0][7  0][7  0][6  0][5  0][4  0][3  0][2  0][1  0][0 E0]
[0 E1][1  1][2  1][3  1][4  1][5  1][6  1][7  1][7  1][6  1][5  1][4  1][3  1][2  1][1  1][0 E1]
[0 E2][1  2][2 a2][3 A2][4 A2][5 D>][6  2][7  2][7 d>][6  2][5  2][4  2][3  2][2  2][1  2][0 E2]
[0 E3][1  3][2  3][3  3][4  3][5  3][6  3][7  3][7  3][6  3][5  3][4  3][3  3][2  3][1  3][0 E3]
[0 E4][1 A4][2 A4][3 A4][4 A>][5  4][6  4][7 t4][7  4][6  4][5  4][4  4][3  4][2  4][1  4][0  4]
[0 E5][1 A5][2 A5][3 A5][4 A>][5  5][6  5][7  >][7  5][6  5][5  5][4  5][3  5][2  5][1  5][0  5]
[0 E6][1  6][2  6][3 A6][4 A6][5  6][6  6][7  >][7 D6][6  6][5  6][4  6][3  6][2  6][1  6][0  >]
[0 E7][1 E7][2 A7][3  7][<< 7][5 d7][6 D>][7  >][7 d7][< A7][5 A7][4 A7][< A7][2 A7][1 A7][0 E7]
