
Player A, Health= 80, Energy=   380, Score=  1702, IronCurtainAvailable= Yes
Player B, Health= 80, Energy=   100, Score=  1654, IronCurtainAvailable= Yes
[0E0][1E0][2A0][3A0][4A0][5D>][6D0][< 0][7d>][6 0][5 >][4 0][3 0][2 0][1 0][0A0]
[< 1][1 1][2 1][3 1][4 1][5D1][6 1][< 1][<D1][6A1][<A1][4A1][3A1][2A1][1A1][0E1]
[0E2][1 2][2 2][3 2][4 2][5 2][6 2][7 2][<D2][6 2][5 2][4 2][3 2][2 2][1A2][0E2]
[0E3][1 3][2 3][3 3][4 3][5 3][6 3][7 3][7d3][6 3][5 3][4 3][3 3][2 3][1 3][0E3]
[0E4][1 4][2 4][3 4][4 4][5 4][6 4][7 4][7D4][6 4][5 4][4 4][3 4][2 4][1 4][0E4]
[0 5][1 5][2 5][3 5][4 5][5d5][6D5][< 5][7D5][<A5][<A5][4A5][3A5][2A5][1A5][0E5]
[0E6][1 6][2 6][3 6][4 6][5 6][6 6][7 6][7 6][6 6][5 6][4 6][3 6][2 6][1 6][0E6]
[0E7][1E7][2 7][3 7][4 7][5 7][6 7][7 7][7 7][6 7][5 7][4 7][3 7][2 7][1a7][0E7]
