
Player A, Health=100, Energy=   107, Score=  3603, IronCurtainAvailable= Yes
Player B, Health= 20, Energy=    29, Score=  1829, IronCurtainAvailable= Yes
[0E 0][1E 0][2  0][3  0][4  0][5  0][6  0][7  0][7  0][6  0][5  0][4  0][3  0][2  0][1  0][0E 0]
[0E 1][1  1][2  1][3  1][4  1][5  1][6  1][7  1][7  1][6  1][5  1][4  1][3  1][2  1][1  1][0E 1]
[0E 2][1  2][2A 2][3A 2][4A 2][5D >][6  2][7  2][7D 2][6  2][5  2][4  2][3  2][2  2][1  2][0  2]
[0E 3][1  3][2  3][3  3][4  3][5  3][6  3][7  3][7  3][6  3][5  3][4  3][3  3][2  3][1  3][0E 3]
[0E 4][1A 4][2A 4][3A 4][4A >][5  4][6  4][7T 4][7D 4][6  4][5  4][4  >][3 >>][2  4][1  4][0  4]
[0E 5][1A 5][2A 5][3A 5][4A >][5  5][6  5][7  >][7d 5][6  >][5  >][4  5][3  >][2  5][1  5][0  >]
[0E 6][1  6][2  6][3A 6][4A 6][5  6][6  6][7  >][7D 6][6  6][5  6][4  6][3  6][2  6][1  6][0  6]
[0E 7][1E 7][2  7][3A 7][4A 7][5D 7][<d 7][7  >][7D 7][<a 7][5  7][4A 7][<A 7][2A 7][1A 7][0E 7]
