
Player A, Health= 80, Energy=   270, Score=  1352, IronCurtainAvailable= Yes
Player B, Health=100, Energy=   102, Score=  1766, IronCurtainAvailable= Yes
[0E 0][1E 0][2A 0][3A 0][4A 0][5D 0][6  0][<  0][<d 0][6  0][< >>][4A 0][3A 0][2A 0][1A 0][0E 0]
[0  1][1  1][2  1][3  1][4  1][5D 1][6  1][7  1][7  1][6  1][5  1][4  1][<  1][2  1][1A 1][0E 1]
[0E 2][1  2][2  2][3  2][4  2][5  2][6  2][7  2][7  2][6  2][5  2][4  2][3  2][2  2][1  2][0E 2]
[0  3][1  3][2  3][3  3][4  3][5D 3][6  3][7  3][7  3][6  3][5  3][4  3][<  3][2  3][1A 3][0E 3]
[0E 4][1  4][2  4][3  4][4  4][5  4][<  4][7  4][7  4][6  4][5  4][4  4][3  4][2  4][1A 4][0E 4]
[0E 5][1  5][2  5][3  5][4  5][5  5][6  5][7  5][7d 5][6  5][<  5][4  5][3  5][2  5][1A 5][0E 5]
[0  6][1  6][2  6][3  6][4  6][5d 6][6  6][7  6][<D 6][6  6][5  6][4  6][3  6][2  6][1A 6][0E 6]
[0  7][1  7][2  7][3  7][4  7][5D 7][<d 7][7  7][<D 7][<A 7][5A 7][4A 7][<A 7][2A 7][1A 7][0E 7]
