
Player A, Health= 90, Energy=   433, Score=  2139, IronCurtainAvailable= Yes
Player B, Health= 95, Energy=    90, Score=  2012, IronCurtainAvailable= Yes
[0E0][1E0][< 0][3 0][4 0][5 0][6 0][7 0][7D0][6 0][< 0][4 0][3 0][2 0][1A0][0E0]
[0E1][1 1][2 1][3 1][4 1][5 1][6 1][7 1][7D1][6 1][5 1][4 1][3 1][2 1][1 1][0E1]
[0E2][1 2][2 2][3A2][4A2][< >][6 2][7 2][7D2][6 2][5 2][4 2][3 2][2 2][1 2][0 2]
[0E3][1 3][2 3][3 3][4A3][5D3][6 3][7 3][7D3][6 3][5 3][4 3][< 3][2 3][1A3][0E3]
[0E4][1 4][< 4][3 4][4 4][5 4][6 4][7 4][7D4][6 4][< 4][4 4][3 4][2 4][1A4][0E4]
[0E5][1 5][2 5][3 5][4 5][5 5][6 5][7 5][7D5][6 5][5 5][4 5][3 5][2 5][1 5][0E5]
[0E6][1 6][2 6][3 6][4A6][5D6][6 >][< 6][<d6][6A6][5a6][4 6][3 6][2 6][1A6][0E6]
[0e7][< 7][< 7][< 7][4 7][< 7][< 7][7 7][< 7][<E7][5A7][<A7][3A7][2A7][1A7][0A7]
