
Player A, Health= 95, Energy=   334, Score=  1331, IronCurtainAvailable= Yes
Player B, Health=100, Energy=   106, Score=  1357, IronCurtainAvailable= Yes
[0E0][1E0][2A0][3A0][4A0][5d>][6D0][< 0][<D0][6 0][< 0][4A0][3A0][2A0][1A0][0E0]
[0E1][1 1][2 1][3 1][4 1][5 1][6 1][7 1][7 1][6 1][5 1][4 1][3 1][2 1][1 1][0E1]
[0 2][1 2][2 2][3 2][4 2][5D2][6D2][7 2][<D2][<A2][5A2][4A2][3A2][2A2][1A2][0E2]
[0E3][1 3][2 3][3 3][4 3][5D3][6 3][7 3][7d3][6a3][5 3][4 3][< 3][2 3][1A3][0E3]
[0E4][1 4][2 4][3 4][4 4][5 4][6 4][7 4][7 4][6 4][5 4][4 4][3 4][2 4][1 4][0E4]
[0E5][1 5][2 5][3 5][4 5][5D5][6 5][7 5][< 5][6 5][5 5][4 5][3 5][2 5][1A5][0E5]
[0E6][1 6][2 6][3 6][4 6][5 6][6 6][7 6][7 6][6 6][5 6][4 6][3 6][2 6][1 6][0E6]
[0E7][1E7][2 7][3 7][4 7][5 7][6 7][7 7][7 7][6 7][5 7][4 7][3 7][2 7][1 7][0E7]
