
Player A, Health= 50, Energy=   434, Score=  1975, IronCurtainAvailable= Yes
Player B, Health=100, Energy=   120, Score=  2855, IronCurtainAvailable= Yes
[0  E0][1  E0][2   0][3   0][4   0][5  D0][6   0][7   0][<  D0][6   0][<   0][4   0][3   0][2  A0][1  A0][0  E0]
[0  E1][1   1][2   1][3   1][4   1][5   1][6   1][7   1][7   1][6   1][5   1][4   1][3   1][2   1][1   1][0  E1]
[0  E2][1   2][2   2][3   2][4   2][5   2][<<  2][7   2][<  D2][<  A2][5  A2][4  A2][3  A2][2  A2][1  A2][0  E2]
[0   3][<   3][2   3][3   3][<<< 3][5   3][6   3][<<  3][7  D3][6  A3][5  A3][4  A3][<  A3][2  A3][1  A3][0  E3]
[0  E4][1   4][2   4][3   4][4   4][5   4][6   4][7   4][7   4][6   4][5   4][4   4][3   4][2   4][1   4][0  E4]
[0   5][1   5][2   5][3   5][4   5][5   5][6   5][7   5][<   5][6   5][5   5][4   5][3   5][2   5][1  A5][0  E5]
[0  e6][1   6][2   6][3   6][4   6][5   6][<   6][<   6][<  D6][6  A6][5  A6][<  A6][3  A6][2  A6][1  A6][0  E6]
[0  E7][1  E7][2   7][3   7][4   7][5   7][6   7][7   7][7  d7][6  a7][5   7][4   7][3   7][2   7][1   7][0  E7]
