
Player A, Health= 75, Energy=   378, Score=  1785, IronCurtainAvailable= Yes
Player B, Health= 80, Energy=    92, Score=  1820, IronCurtainAvailable= Yes
[0E0][1E0][2A0][3A0][4A0][5D0][6D>][7 0][7D0][6 0][5 0][< 0][3 >][2 0][1 >][0A0]
[0 1][1 1][2 1][3 1][4 1][5D1][<d1][7 1][<D1][<A1][5A1][4A1][<A1][2A1][1A1][0E1]
[0E2][1 2][2 2][3 2][< 2][5 2][6 2][7 2][7D2][6 2][5 2][4 2][< 2][2 2][1A2][0E2]
[0E3][1 3][2 3][3 3][4 3][5 3][6 3][7 3][7D3][6 3][5 3][4 3][3 3][2 3][1 3][0E3]
[0E4][1 4][2 4][3 4][4 4][5 4][6 4][7 4][7D4][6 4][5 4][4 4][3 4][2 4][1 4][0E4]
[0 5][1 5][2 5][3 5][4 5][<d5][<d5][< 5][<D5][6A5][5A5][<A5][3A5][2A5][1A5][0E5]
[0E6][1 6][2 6][3 6][4 6][5 6][6 6][7 6][7 6][6 6][5 6][4 6][3 6][2 6][1 6][0E6]
[0E7][1E7][2 7][3 7][4 7][5 7][6 7][7 7][7d7][6a7][< 7][4 7][3 7][2 7][1A7][0E7]
