
Player A, Health=  0, Energy=    18, Score=   664, IronCurtainAvailable= Yes
Player B, Health=100, Energy=    99, Score=  3003, IronCurtainAvailable= Yes
[0  0][<< 0][2  0][3  0][<< 0][5  0][<  0][7  0][7  0][<< 0][5 A0][4 A0][< A0][2 A0][1 A0][0 E0]
[<  1][1  1][2  1][3  1][4  1][5  1][6  1][7  1][<  1][6  1][5  1][4  1][3  1][2  1][1 A1][0 E1]
[0  2][1  2][2  2][3  2][4  2][<  2][6  2][7  2][7 D2][6  2][<  2][4  2][3  2][2 A2][1 A2][0 E2]
[0  3][1  3][2  3][3  3][<  3][5  3][6  3][7  3][7  3][6  3][5  3][4  3][<  3][2  3][1 A3][0 E3]
[<  4][<  4][2  4][<  4][<  4][<  4][<  4][7  4][< D4][< A4][5 A4][4 A4][< A4][2 A4][1 A4][0 E4]
[0  5][1 E5][2  5][3  5][4  5][5  5][<  5][<  5][7  5][6  5][5  5][4  5][3  5][2 A5][1 A5][0 E5]
[0  6][1  6][2  6][3  6][4  6][5 D6][6  6][7  6][7  6][6  6][<  6][4  6][3  6][2  6][1 A6][0 E6]
[0  7][1  7][2  7][3  7][4  7][5 D7][<  7][<  7][7 d7][6 A7][5 a7][4  7][3  7][2  7][1 A7][0 E7]
